32007643
32050635
32068012
32078069
32088847
32096566
32100024
32132521
32145156
32145217
32179701
32200654
32220243
32222253
32234343
32239515
32240633
32245835
32246972
32251511
32252855
32253318
32259124
32266753
32268212
32270314
32275855
32278619
32282344
32285949
32291501
32292259
32294078
32294667
32298273
32301765
32301809
32302740
32304928
32311499
32311790
32315756
32319129
32321654
32322046
32327321
32328576
32330531
32333026
32337584
32338809
32339218
32343408
32343658
32343996
32346493
32352535
32353545
32354565
32354772
32357378
32357545
32358675
32358765
32360210
32360231
32361284
32363809
32367484
32376057
32376401
32377486
32379015
32381073
32381441
32382516
32382746
32385648
32386843
32387409
32387494
32389999
32395098
32395567
32396251
32398902
32404126
32405517
32406952
32407564
32412909
32417594
32418675
32420955
32421878
32425288
32429009
32429681
32436576
32437831
32442894
32446801
32449224
32450108
32451343
32454066
32458459
32463093
32463534
32467792
32474574
32476155
32476260
32476305
32480420
32484943
32493494
32494062
32495372
32495819
32495830
32499903
32500431
32500589
32502119
32502597
32503857
32508391
32511752
32511859
32512187
32516844
32517888
32524792
32527466
32527570
32530130
32530889
32532625
32533432
32534631
32539647
32553562
32558002
32561113
32562278
32563690
32565264
32569772
32578210
32580924
32582329
32582382
32583171
32583347
32583423
32589348
32590006
32590073
32590691
32591496
32592835
32596482
32599069
32599201
32602111
32605729
32609380
32610808
32613682
32613934
32618967
32619319
32621859
32624392
32624433
32630367
32631682
32632359
32634003
32634111
32635695
32639559
32644258
32646505
32652368
32653855
32657272
32658716
32659213
32661235
32664634
32665985
32666316
32671230
32672061
32673494
32673509
32675000
32677385
32680602
32680626
32681166
32682490
32684300
32685880
32686375
32688022
32692733
32693101
32694498
32701938
32708803
32710774
32717208
32718042
32721925
32729279
32730222
32745596
32753072
32759252
32761914
32762083
32762346
32776354
32776524
32776538
32780757
32784414
32787601
32791524
32794209
32799739
32808505
32813879
32817714
32820721
32823922
32833711
32834192
32837512
32839250
32839921
32840829
32842607
32847744
32868442
32873261
32878481
32887260
32897869
32911311
32926122
32945597
32954595
32964802
32985745
32988978
32991794
32996588
32997560
33006551
33036293
33038229
33054263
33058235
33071434
33073247
33082265
33091331
33104178
33112948
33114356
33114654
33119257
33141912
33152182
33165674
33167115
33169260
33177848
33190222
33191649
33203639
33223732
33224626
33225308
33231569
33239765
33244583
33245005
33246573
33251983
33253073
33255220
33256204
33257418
33259882
33264497
33279282
33306721
33310765
33315061
33322462
33330343
33336018
33337295
33341894
33347319
33350677
33351828
33352250
33363440
33363552
33364344
33373651
33378607
33382861
33388064
33392422
33393462
33400475
33409040
33410294
33418280
33424954
33430698
33433382
33435378
33435808
33439908
33444411
33448086
33452734
33458805
33461214
33461516
33461626
33461841
33462438
33465165
33469977
33479805
33481879
33489409
33491147
33501506
33503002
33503627
33505730
33505949
33507981
33509849
33513875
33527783
33528827
33532356
33536042
33536979
33541486
33542501
33542677
33547335
33547814
33551798
33556317
33558097
33560863
33563638
33573397
33581061
33586790
33587790
33588706
33590152
33591938
33595062
33595076
33614055
33619245
33619888
33621654
33623608
33626020
33626155
33626376
33627160
33631857
33634042
33636357
33637290
33641513
33644484
33644905
33647988
33650676
33651340
33659612
33660134
33660320
33666261
33668405
33669805
33670316
33674591
33674708
33675696
33680350
33682315
33684592
33686389
33688413
33692744
33704627
33706626
33706836
33713112
33720028
33724560
33735264
33735836
33738882
33742196
33749986
33754150
33754459
33765004
33768363
33772419
33773523
33778564
33779211
33782759
33785197
33793460
33797339
33814022
33822099
33824264
33831079
33833246
33840053
33844359
33851272
33853700
33855698
33858931
33862667
33864328
33872188
33877966
33880597
33882021
33883315
33902480
33908152
33908897
33912196
33920976
33922354
33928065
33928916
33930189
33930636
33932458
33941488
33941681
33954065
33955567
33956870
33963250
33963581
33963992
33972631
33983654
33988134
33988145
33989322
33999135
34000814
34008016
34008930
34011221
34012470
34013051
34016743
34017205
34029345
34031119
34031483
34046108
34052621
34053251
34056576
34058573
34061905
34072087
34072500
34073591
34075622
34077572
34080223
34091005
34096576
34101084
34101494
34101903
34107113
34107137
34108378
34110314
34112877
34117772
34126613
34127735
34129787
34132326
34139069
34142877
34145087
34145263
34149003
34159155
34161389
34174778
34177254
34177279
34177926
34178300
34178332
34178343
34179404
34183871
34184314
34188432
34193877
34193982
34196793
34200791
34202298
34202707
34207721
34212127
34215475
34219197
34224607
34228112
34230210
34237727
34251568
34252379
34253291
34256781
34256928
34262564
34267316
34268819
34271868
34273304
34274212
34274539
34280038
34280115
34281002
34281535
34281994
34286685
34288285
34289965
34308825
34316049
34325612
34326985
34342092
34343468
34345109
34350637
34364311
34370935
34371224
34383756
34387911
34389829
34393592
34394024
34394297
34403943
34404498
34405427
34407607
34412446
34413324
34415401
34415553
34424156
34427682
34430154
34430514
34431023
34431693
34432842
34436248
34444648
34452464
34453317
34453842
34465068
34475334
34487685
34491565
34492105
34493506
34502799
34515235
34519768
34522397
34523132
34532354
34533285
34533996
34535859
34536426
34541765
34542438
34543580
34545952
34548976
34559248
34567255
34568168
34568249
34568576
34580550
34584327
34584498
34588946
34589017
34589316
34589743
34591874
34593052
34594139
34594688
34595468
34597334
34608773
34610907
34611034
34622413
34622966
34623194
34624245
34627082
34629857
34630838
34634404
34641391
34648525
34649268
34659041
34665318
34667785
34670589
34673261
34675256
34678266
34679466
34682492
34682574
34682939
34683149
34690401
34696235
34696346
34697001
34703462
34705530
34706272
34706299
34711266
34713472
34714362
34716614
34717713
34717886
34720746
34720778
34721912
34724950
34728719
34729818
34730436
34730819
34735268
34736354
34736445
34745449
34747190
34747367
34748218
34755180
34757734
34758179
34758422
34762561
34767767
34769806
34772117
34777029
34777896
34778740
34780978
34782790
34783127
34786319
34790054
34790223
34790435
34790680
34795818
34803106
34803247
34803818
34804509
34812845
34817214
34817406
34817746
34819524
34822228
34824162
34824194
34824253
34831965
34834586
34836825
34840464
34841422
34844968
34845183
34846280
34857753
34858231
34864190
34866720
34866771
34867122
34867130
34868831
34870100
34873885
34877562
34879393
34881119
34881206
34882720
34884216
34886558
34888708
34888903
34890441
34894119
34897635
34898715
34901700
34903197
34904088
34904908
34906234
34906660
34908708
34909404
34910338
34912731
34912863
34926314
34926837
34935594
34939428
34958181
34958284
34958526
34962356
34966387
34974674
34975646
34976499
34976906
34976910
34986676
34988861
34991778
35002970
35006537
35008505
35008724
35010471
35011641
35013191
35013628
35015739
35015782
35017876
35018049
35030101
35030205
35032051
35035205
35036079
35036208
35043033
35046607
35048011
35051130
35051664
35052240
35055602
35063714
35066705
35073855
35078495
35079695
35079784
35081177
35086121
35087975
35095602
35095628
35096642
35098033
35111874
35114577
35122732
35123395
35124470
35126030
35126138
35126566
35127890
35128319
35128391
35128537
35128648
35132343
35134561
35135773
35142233
35142693
35145444
35146922
35149232
35151081
35151823
35151856
35165656
35165771
35169259
35170714
35173661
35175442
35177037
35178468
35184735
35186672
35194549
35195025
35197179
35199310
35206163
35206434
35216301
35220656
35222989
35224217
35233780
35236317
35246082
35247550
35250113
35250739
35250772
35252081
35255100
35259642
35260957
35261542
35262049
35263375
35265332
35267053
35268531
35270760
35272613
35280451
35281394
35282893
35283488
35284208
35284994
35287384
35287838
35289365
35291048
35294728
35304067
35305625
35308745
35308830
35309721
35310793
35312380
35313091
35316929
35317212
35317712
35320487
35320955
35321490
35327811
35328249
35330391
35332047
35332270
35336843
35340778
35344118
35345704
35352012
35353955
35355988
35356264
35358238
35358722
35366438
35370005
35378801
35380101
35380165
35382039
35383994
35384599
35392309
35397002
35399336
35410867
35411295
35411692
35421155
35433558
35434696
35437697
35439249
35440094
35441127
35441801
35441967
35444637
35448162
35453906
35455356
35458549
35464749
35465974
35480831
35482656
35486106
35487371
35492426
35493416
35493814
35495877
35496681
35503234
35507290
35512712
35518554
35519622
35535411
35538060
35538681
35542312
35564648
35565040
35566787
35568022
35572180
35578330
35578593
35583298
35584232
35586079
35588736
35592326
35597776
35601571
